{
  "fixture_id": "2026-07-10-None-None",
  "kickoff_utc": "2026-07-10T19:00:00+00:00",
  "home": null,
  "away": null,
  "stage": "QF",
  "status": "SCHEDULED",
  "actual": null,
  "recommended_pick": [
    0,
    1
  ],
  "expected_points": 1.866,
  "lambda_home": 1.4,
  "lambda_away": 1.4,
  "w_d_l": {
    "win": 0.3617,
    "draw": 0.2767,
    "loss": 0.3617
  },
  "top_scorelines": [
    {
      "score": [
        1,
        1
      ],
      "prob": 0.1311
    },
    {
      "score": [
        2,
        1
      ],
      "prob": 0.0834
    },
    {
      "score": [
        1,
        2
      ],
      "prob": 0.0834
    },
    {
      "score": [
        1,
        0
      ],
      "prob": 0.0732
    }
  ],
  "score_grid": [
    [
      0.07273,
      0.07322,
      0.0596,
      0.02781,
      0.00973,
      0.00273,
      0.00064,
      0.00013,
      2e-05
    ],
    [
      0.07322,
      0.13111,
      0.08343,
      0.03894,
      0.01363,
      0.00382,
      0.00089,
      0.00018,
      3e-05
    ],
    [
      0.0596,
      0.08343,
      0.0584,
      0.02726,
      0.00954,
      0.00267,
      0.00062,
      0.00012,
      2e-05
    ],
    [
      0.02781,
      0.03894,
      0.02726,
      0.01272,
      0.00445,
      0.00125,
      0.00029,
      6e-05,
      1e-05
    ],
    [
      0.00973,
      0.01363,
      0.00954,
      0.00445,
      0.00156,
      0.00044,
      0.0001,
      2e-05,
      0.0
    ],
    [
      0.00273,
      0.00382,
      0.00267,
      0.00125,
      0.00044,
      0.00012,
      3e-05,
      1e-05,
      0.0
    ],
    [
      0.00064,
      0.00089,
      0.00062,
      0.00029,
      0.0001,
      3e-05,
      1e-05,
      0.0,
      0.0
    ],
    [
      0.00013,
      0.00018,
      0.00012,
      6e-05,
      2e-05,
      1e-05,
      0.0,
      0.0,
      0.0
    ],
    [
      2e-05,
      3e-05,
      2e-05,
      1e-05,
      0.0,
      0.0,
      0.0,
      0.0,
      0.0
    ]
  ],
  "rationale": "None and None look evenly matched. Recent form (last 5): None no recent matches; None no recent matches. Model gives None 36%, draw 28%, None 36%.",
  "generated_at": "2026-06-27T20:19:22.129964+00:00"
}