{
  "fixture_id": "2026-07-18-None-None",
  "kickoff_utc": "2026-07-18T21:00:00+00:00",
  "home": null,
  "away": null,
  "stage": "F",
  "status": "SCHEDULED",
  "actual": null,
  "recommended_pick": [
    0,
    1
  ],
  "expected_points": 1.866,
  "lambda_home": 1.397,
  "lambda_away": 1.397,
  "w_d_l": {
    "win": 0.3615,
    "draw": 0.277,
    "loss": 0.3615
  },
  "top_scorelines": [
    {
      "score": [
        1,
        1
      ],
      "prob": 0.1313
    },
    {
      "score": [
        2,
        1
      ],
      "prob": 0.0834
    },
    {
      "score": [
        1,
        2
      ],
      "prob": 0.0834
    },
    {
      "score": [
        1,
        0
      ],
      "prob": 0.0736
    }
  ],
  "score_grid": [
    [
      0.07312,
      0.07357,
      0.0597,
      0.0278,
      0.00971,
      0.00271,
      0.00063,
      0.00013,
      2e-05
    ],
    [
      0.07357,
      0.13133,
      0.0834,
      0.03883,
      0.01356,
      0.00379,
      0.00088,
      0.00018,
      3e-05
    ],
    [
      0.0597,
      0.0834,
      0.05824,
      0.02712,
      0.00947,
      0.00265,
      0.00062,
      0.00012,
      2e-05
    ],
    [
      0.0278,
      0.03883,
      0.02712,
      0.01263,
      0.00441,
      0.00123,
      0.00029,
      6e-05,
      1e-05
    ],
    [
      0.00971,
      0.01356,
      0.00947,
      0.00441,
      0.00154,
      0.00043,
      0.0001,
      2e-05,
      0.0
    ],
    [
      0.00271,
      0.00379,
      0.00265,
      0.00123,
      0.00043,
      0.00012,
      3e-05,
      1e-05,
      0.0
    ],
    [
      0.00063,
      0.00088,
      0.00062,
      0.00029,
      0.0001,
      3e-05,
      1e-05,
      0.0,
      0.0
    ],
    [
      0.00013,
      0.00018,
      0.00012,
      6e-05,
      2e-05,
      1e-05,
      0.0,
      0.0,
      0.0
    ],
    [
      2e-05,
      3e-05,
      2e-05,
      1e-05,
      0.0,
      0.0,
      0.0,
      0.0,
      0.0
    ]
  ],
  "rationale": "None and None look evenly matched. Recent form (last 5): None no recent matches; None no recent matches. Model gives None 36%, draw 28%, None 36%.",
  "generated_at": "2026-07-12T00:01:26.674550+00:00"
}