{
  "fixture_id": "2026-07-05-None-None",
  "kickoff_utc": "2026-07-05T20:00:00+00:00",
  "home": null,
  "away": null,
  "stage": "R16",
  "status": "SCHEDULED",
  "actual": null,
  "recommended_pick": [
    0,
    1
  ],
  "expected_points": 1.869,
  "lambda_home": 1.384,
  "lambda_away": 1.384,
  "w_d_l": {
    "win": 0.3609,
    "draw": 0.2783,
    "loss": 0.3609
  },
  "top_scorelines": [
    {
      "score": [
        1,
        1
      ],
      "prob": 0.1321
    },
    {
      "score": [
        2,
        1
      ],
      "prob": 0.0832
    },
    {
      "score": [
        1,
        2
      ],
      "prob": 0.0832
    },
    {
      "score": [
        1,
        0
      ],
      "prob": 0.075
    }
  ],
  "score_grid": [
    [
      0.07464,
      0.07496,
      0.06012,
      0.02774,
      0.0096,
      0.00266,
      0.00061,
      0.00012,
      2e-05
    ],
    [
      0.07496,
      0.13215,
      0.08323,
      0.03841,
      0.01329,
      0.00368,
      0.00085,
      0.00017,
      3e-05
    ],
    [
      0.06012,
      0.08323,
      0.05761,
      0.02659,
      0.0092,
      0.00255,
      0.00059,
      0.00012,
      2e-05
    ],
    [
      0.02774,
      0.03841,
      0.02659,
      0.01227,
      0.00425,
      0.00118,
      0.00027,
      5e-05,
      1e-05
    ],
    [
      0.0096,
      0.01329,
      0.0092,
      0.00425,
      0.00147,
      0.00041,
      9e-05,
      2e-05,
      0.0
    ],
    [
      0.00266,
      0.00368,
      0.00255,
      0.00118,
      0.00041,
      0.00011,
      3e-05,
      1e-05,
      0.0
    ],
    [
      0.00061,
      0.00085,
      0.00059,
      0.00027,
      9e-05,
      3e-05,
      1e-05,
      0.0,
      0.0
    ],
    [
      0.00012,
      0.00017,
      0.00012,
      5e-05,
      2e-05,
      1e-05,
      0.0,
      0.0,
      0.0
    ],
    [
      2e-05,
      3e-05,
      2e-05,
      1e-05,
      0.0,
      0.0,
      0.0,
      0.0,
      0.0
    ]
  ],
  "rationale": "None and None look evenly matched. Recent form (last 5): None no recent matches; None no recent matches. Model gives None 36%, draw 28%, None 36%.",
  "generated_at": "2026-06-22T23:09:23.887252+00:00"
}