{
  "fixture_id": "2026-07-15-None-None",
  "kickoff_utc": "2026-07-15T19:00:00+00:00",
  "home": null,
  "away": null,
  "stage": "SF",
  "status": "SCHEDULED",
  "actual": null,
  "recommended_pick": [
    0,
    1
  ],
  "expected_points": 1.869,
  "lambda_home": 1.381,
  "lambda_away": 1.381,
  "w_d_l": {
    "win": 0.3606,
    "draw": 0.2789,
    "loss": 0.3606
  },
  "top_scorelines": [
    {
      "score": [
        1,
        1
      ],
      "prob": 0.1325
    },
    {
      "score": [
        2,
        1
      ],
      "prob": 0.0832
    },
    {
      "score": [
        1,
        2
      ],
      "prob": 0.0832
    },
    {
      "score": [
        0,
        0
      ],
      "prob": 0.0752
    }
  ],
  "score_grid": [
    [
      0.07518,
      0.07516,
      0.06023,
      0.02773,
      0.00958,
      0.00265,
      0.00061,
      0.00012,
      2e-05
    ],
    [
      0.07516,
      0.1325,
      0.08319,
      0.0383,
      0.01323,
      0.00365,
      0.00084,
      0.00017,
      3e-05
    ],
    [
      0.06023,
      0.08319,
      0.05745,
      0.02645,
      0.00913,
      0.00252,
      0.00058,
      0.00011,
      2e-05
    ],
    [
      0.02773,
      0.0383,
      0.02645,
      0.01218,
      0.00421,
      0.00116,
      0.00027,
      5e-05,
      1e-05
    ],
    [
      0.00958,
      0.01323,
      0.00913,
      0.00421,
      0.00145,
      0.0004,
      9e-05,
      2e-05,
      0.0
    ],
    [
      0.00265,
      0.00365,
      0.00252,
      0.00116,
      0.0004,
      0.00011,
      3e-05,
      1e-05,
      0.0
    ],
    [
      0.00061,
      0.00084,
      0.00058,
      0.00027,
      9e-05,
      3e-05,
      1e-05,
      0.0,
      0.0
    ],
    [
      0.00012,
      0.00017,
      0.00011,
      5e-05,
      2e-05,
      1e-05,
      0.0,
      0.0,
      0.0
    ],
    [
      2e-05,
      3e-05,
      2e-05,
      1e-05,
      0.0,
      0.0,
      0.0,
      0.0,
      0.0
    ]
  ],
  "rationale": "None and None look evenly matched. Recent form (last 5): None no recent matches; None no recent matches. Model gives None 36%, draw 28%, None 36%.",
  "generated_at": "2026-06-24T22:58:22.067136+00:00"
}