{
  "fixture_id": "2026-07-19-None-None",
  "kickoff_utc": "2026-07-19T19:00:00+00:00",
  "home": null,
  "away": null,
  "stage": "F",
  "status": "SCHEDULED",
  "actual": null,
  "recommended_pick": [
    1,
    0
  ],
  "expected_points": 1.875,
  "lambda_home": 1.362,
  "lambda_away": 1.362,
  "w_d_l": {
    "win": 0.3597,
    "draw": 0.2806,
    "loss": 0.3597
  },
  "top_scorelines": [
    {
      "score": [
        1,
        1
      ],
      "prob": 0.1336
    },
    {
      "score": [
        2,
        1
      ],
      "prob": 0.0829
    },
    {
      "score": [
        1,
        2
      ],
      "prob": 0.0829
    },
    {
      "score": [
        1,
        0
      ],
      "prob": 0.0775
    }
  ],
  "score_grid": [
    [
      0.07748,
      0.07752,
      0.06086,
      0.02763,
      0.00941,
      0.00256,
      0.00058,
      0.00011,
      2e-05
    ],
    [
      0.07752,
      0.13357,
      0.08289,
      0.03763,
      0.01281,
      0.00349,
      0.00079,
      0.00015,
      3e-05
    ],
    [
      0.06086,
      0.08289,
      0.05644,
      0.02562,
      0.00872,
      0.00238,
      0.00054,
      0.0001,
      2e-05
    ],
    [
      0.02763,
      0.03763,
      0.02562,
      0.01163,
      0.00396,
      0.00108,
      0.00024,
      5e-05,
      1e-05
    ],
    [
      0.00941,
      0.01281,
      0.00872,
      0.00396,
      0.00135,
      0.00037,
      8e-05,
      2e-05,
      0.0
    ],
    [
      0.00256,
      0.00349,
      0.00238,
      0.00108,
      0.00037,
      0.0001,
      2e-05,
      0.0,
      0.0
    ],
    [
      0.00058,
      0.00079,
      0.00054,
      0.00024,
      8e-05,
      2e-05,
      1e-05,
      0.0,
      0.0
    ],
    [
      0.00011,
      0.00015,
      0.0001,
      5e-05,
      2e-05,
      0.0,
      0.0,
      0.0,
      0.0
    ],
    [
      2e-05,
      3e-05,
      2e-05,
      1e-05,
      0.0,
      0.0,
      0.0,
      0.0,
      0.0
    ]
  ],
  "rationale": "None and None look evenly matched. Recent form (last 5): None no recent matches; None no recent matches. Model gives None 36%, draw 28%, None 36%.",
  "generated_at": "2026-07-14T00:00:14.587934+00:00"
}