{
  "fixture_id": "2026-06-16-AUT-JOR",
  "kickoff_utc": "2026-06-16T21:00:00+00:00",
  "home": "AUT",
  "away": "JOR",
  "stage": "GROUP",
  "status": "SCHEDULED",
  "actual": null,
  "recommended_pick": [
    0,
    0
  ],
  "expected_points": 2.256,
  "lambda_home": 0.891,
  "lambda_away": 0.891,
  "w_d_l": {
    "win": 0.3205,
    "draw": 0.3589,
    "loss": 0.3205
  },
  "top_scorelines": [
    {
      "score": [
        0,
        0
      ],
      "prob": 0.1824
    },
    {
      "score": [
        1,
        1
      ],
      "prob": 0.1476
    },
    {
      "score": [
        0,
        1
      ],
      "prob": 0.136
    },
    {
      "score": [
        1,
        0
      ],
      "prob": 0.136
    }
  ],
  "score_grid": [
    [
      0.1824,
      0.13602,
      0.0668,
      0.01983,
      0.00442,
      0.00079,
      0.00012,
      1e-05,
      0.0
    ],
    [
      0.13602,
      0.14758,
      0.0595,
      0.01766,
      0.00393,
      0.0007,
      0.0001,
      1e-05,
      0.0
    ],
    [
      0.0668,
      0.0595,
      0.0265,
      0.00787,
      0.00175,
      0.00031,
      5e-05,
      1e-05,
      0.0
    ],
    [
      0.01983,
      0.01766,
      0.00787,
      0.00234,
      0.00052,
      9e-05,
      1e-05,
      0.0,
      0.0
    ],
    [
      0.00442,
      0.00393,
      0.00175,
      0.00052,
      0.00012,
      2e-05,
      0.0,
      0.0,
      0.0
    ],
    [
      0.00079,
      0.0007,
      0.00031,
      9e-05,
      2e-05,
      0.0,
      0.0,
      0.0,
      0.0
    ],
    [
      0.00012,
      0.0001,
      5e-05,
      1e-05,
      0.0,
      0.0,
      0.0,
      0.0,
      0.0
    ],
    [
      1e-05,
      1e-05,
      1e-05,
      0.0,
      0.0,
      0.0,
      0.0,
      0.0,
      0.0
    ],
    [
      0.0,
      0.0,
      0.0,
      0.0,
      0.0,
      0.0,
      0.0,
      0.0,
      0.0
    ]
  ],
  "rationale": "AUT and JOR look evenly matched. Recent form (last 5): AUT 3 wins, 1 draw, 1 loss; JOR 2 draws, 3 losses. Model gives AUT 32%, draw 36%, JOR 32%.",
  "generated_at": "2026-06-16T23:03:51.503611+00:00"
}